  0.0000e+00  1.0000e+00
  1.0000e-02  9.0484e-01
  2.0000e-02  8.1873e-01
  3.0000e-02  7.4082e-01
  4.0000e-02  6.7032e-01
  5.0000e-02  6.0653e-01
  6.0000e-02  5.4881e-01
  7.0000e-02  4.9659e-01
  8.0000e-02  4.4933e-01
  9.0000e-02  4.0657e-01
  1.0000e-01  3.6788e-01
  1.1000e-01  3.3288e-01
  1.2000e-01  3.0120e-01
  1.3000e-01  2.7254e-01
  1.4000e-01  2.4660e-01
  1.5000e-01  2.2314e-01
  1.6000e-01  2.0190e-01
  1.7000e-01  1.8269e-01
  1.8000e-01  1.6531e-01
  1.9000e-01  1.4958e-01
  2.0000e-01  1.3534e-01
  2.1000e-01  1.2247e-01
  2.2000e-01  1.1081e-01
  2.3000e-01  1.0027e-01
  2.4000e-01  9.0729e-02
  2.5000e-01  8.2096e-02
  2.6000e-01  7.4285e-02
  2.7000e-01  6.7218e-02
  2.8000e-01  6.0823e-02
  2.9000e-01  5.5036e-02
  3.0000e-01  4.9801e-02
  3.1000e-01  4.5063e-02
  3.2000e-01  4.0777e-02
  3.3000e-01  3.6898e-02
  3.4000e-01  3.3389e-02
  3.5000e-01  3.0213e-02
  3.6000e-01  2.7340e-02
  3.7000e-01  2.4740e-02
  3.8000e-01  2.2388e-02
  3.9000e-01  2.0260e-02
  4.0000e-01  1.8334e-02
  4.1000e-01  1.6591e-02
  4.2000e-01  1.5015e-02
  4.3000e-01  1.3588e-02
  4.4000e-01  1.2297e-02
  4.5000e-01  1.1129e-02
  4.6000e-01  1.0073e-02
  4.7000e-01  9.1166e-03
  4.8000e-01  8.2515e-03
  4.9000e-01  7.4688e-03
  5.0000e-01  6.7606e-03
  5.1000e-01  6.1199e-03
  5.2000e-01  5.5402e-03
  5.3000e-01  5.0157e-03
  5.4000e-01  4.5411e-03
  5.5000e-01  4.1117e-03
  5.6000e-01  3.7233e-03
  5.7000e-01  3.3718e-03
  5.8000e-01  3.0539e-03
  5.9000e-01  2.7662e-03
  6.0000e-01  2.5060e-03
  6.1000e-01  2.2706e-03
  6.2000e-01  2.0576e-03
  6.3000e-01  1.8649e-03
  6.4000e-01  1.6906e-03
  6.5000e-01  1.5329e-03
  6.6000e-01  1.3903e-03
  6.7000e-01  1.2613e-03
  6.8000e-01  1.1446e-03
  6.9000e-01  1.0391e-03
  7.0000e-01  9.4366e-04
  7.1000e-01  8.5734e-04
  7.2000e-01  7.7927e-04
  7.3000e-01  7.0868e-04
  7.4000e-01  6.4485e-04
  7.5000e-01  5.8713e-04
  7.6000e-01  5.3496e-04
  7.7000e-01  4.8779e-04
  7.8000e-01  4.4515e-04
  7.9000e-01  4.0661e-04
  8.0000e-01  3.7178e-04
  8.1000e-01  3.4031e-04
  8.2000e-01  3.1188e-04
  8.3000e-01  2.8620e-04
  8.4000e-01  2.6300e-04
  8.5000e-01  2.4206e-04
  8.6000e-01  2.2315e-04
  8.7000e-01  2.0608e-04
  8.8000e-01  1.9069e-04
  8.9000e-01  1.7679e-04
  9.0000e-01  1.6427e-04
  9.1000e-01  1.5298e-04
  9.2000e-01  1.4281e-04
  9.3000e-01  1.3365e-04
  9.4000e-01  1.2540e-04
  9.5000e-01  1.1798e-04
  9.6000e-01  1.1131e-04
  9.7000e-01  1.0532e-04
  9.8000e-01  9.9944e-05
  9.9000e-01  9.5121e-05
  1.0000e+00  9.0800e-05
