 1.00000000e+00 1.30000000e+00
 1.00000000e+00 1.30500000e+00
 1.00000000e+00 1.31000000e+00
 1.00000000e+00 1.31500000e+00
 1.00000000e+00 1.32000000e+00
 1.00000000e+00 1.32500000e+00
 1.00000000e+00 1.33000000e+00
 1.00000000e+00 1.33500000e+00
 1.00000000e+00 1.34000000e+00
 1.00000000e+00 1.34500000e+00
 9.00000000e-01 1.35000000e+00
 5.00000000e-02 1.35500000e+00
 1.00000000e-02 1.36000000e+00
 0.00000000e+00 1.36500000e+00
 0.00000000e+00 1.37000000e+00
 0.00000000e+00 1.37500000e+00
 0.00000000e+00 1.38000000e+00
 1.00000000e-02 1.38500000e+00
 1.00000000e-02 1.39000000e+00
 0.00000000e+00 1.39500000e+00
 0.00000000e+00 1.40000000e+00
 1.00000000e-02 1.40500000e+00
 3.00000000e-02 1.41000000e+00
 2.00000000e-02 1.41500000e+00
 9.00000000e-02 1.42000000e+00
 8.60000000e-01 1.42500000e+00
 9.70000000e-01 1.43000000e+00
 1.00000000e+00 1.43500000e+00
 1.00000000e+00 1.44000000e+00
 1.00000000e+00 1.44500000e+00
 1.00000000e+00 1.45000000e+00
 1.00000000e+00 1.45500000e+00
 1.00000000e+00 1.46000000e+00
 1.00000000e+00 1.46500000e+00
 1.00000000e+00 1.47000000e+00
 1.00000000e+00 1.47500000e+00
 1.00000000e+00 1.48000000e+00
 1.00000000e+00 1.48500000e+00
 1.00000000e+00 1.49000000e+00
