 9.80000000e-01 2.10000000e+00
 9.80000000e-01 2.10500000e+00
 1.00000000e+00 2.11000000e+00
 9.80000000e-01 2.11500000e+00
 9.80000000e-01 2.12000000e+00
 9.50000000e-01 2.12500000e+00
 9.80000000e-01 2.13000000e+00
 9.60000000e-01 2.13500000e+00
 9.80000000e-01 2.14000000e+00
 9.90000000e-01 2.14500000e+00
 9.70000000e-01 2.15000000e+00
 9.60000000e-01 2.15500000e+00
 9.90000000e-01 2.16000000e+00
 9.70000000e-01 2.16500000e+00
 8.60000000e-01 2.17000000e+00
 7.60000000e-01 2.17500000e+00
 6.70000000e-01 2.18000000e+00
 8.70000000e-01 2.18500000e+00
 8.20000000e-01 2.19000000e+00
 9.00000000e-01 2.19500000e+00
 9.50000000e-01 2.20000000e+00
 9.80000000e-01 2.20500000e+00
 1.00000000e+00 2.21000000e+00
 1.00000000e+00 2.21500000e+00
 1.00000000e+00 2.22000000e+00
 1.00000000e+00 2.22500000e+00
 9.90000000e-01 2.23000000e+00
 1.00000000e+00 2.23500000e+00
 9.80000000e-01 2.24000000e+00
 9.80000000e-01 2.24500000e+00
 9.80000000e-01 2.25000000e+00
 9.80000000e-01 2.25500000e+00
 1.00000000e+00 2.26000000e+00
 1.00000000e+00 2.26500000e+00
 9.80000000e-01 2.27000000e+00
 9.80000000e-01 2.27500000e+00
 9.80000000e-01 2.28000000e+00
 1.00000000e+00 2.28500000e+00
 9.90000000e-01 2.29000000e+00
