 1.00000000e+00 1.00000000e+00
 1.00000000e+00 1.00500000e+00
 1.00000000e+00 1.01000000e+00
 1.00000000e+00 1.01500000e+00
 1.00000000e+00 1.02000000e+00
 1.00000000e+00 1.02500000e+00
 1.00000000e+00 1.03000000e+00
 1.00000000e+00 1.03500000e+00
 1.00000000e+00 1.04000000e+00
 1.00000000e+00 1.04500000e+00
 1.00000000e+00 1.05000000e+00
 1.00000000e+00 1.05500000e+00
 1.00000000e+00 1.06000000e+00
 1.00000000e+00 1.06500000e+00
 1.00000000e+00 1.07000000e+00
 9.80000000e-01 1.07500000e+00
 1.00000000e+00 1.08000000e+00
 1.00000000e+00 1.08500000e+00
 1.00000000e+00 1.09000000e+00
 1.00000000e+00 1.09500000e+00
 9.90000000e-01 1.10000000e+00
 9.80000000e-01 1.10500000e+00
 9.70000000e-01 1.11000000e+00
 9.40000000e-01 1.11500000e+00
 9.50000000e-01 1.12000000e+00
 8.50000000e-01 1.12500000e+00
 8.30000000e-01 1.13000000e+00
 6.50000000e-01 1.13500000e+00
 5.20000000e-01 1.14000000e+00
 4.50000000e-01 1.14500000e+00
 3.50000000e-01 1.15000000e+00
 4.20000000e-01 1.15500000e+00
 2.30000000e-01 1.16000000e+00
 2.30000000e-01 1.16500000e+00
 2.60000000e-01 1.17000000e+00
 2.10000000e-01 1.17500000e+00
 2.30000000e-01 1.18000000e+00
 1.10000000e-01 1.18500000e+00
 1.30000000e-01 1.19000000e+00
 7.00000000e-02 1.19500000e+00
 1.10000000e-01 1.20000000e+00
 8.00000000e-02 1.20500000e+00
 4.00000000e-02 1.21000000e+00
 3.00000000e-02 1.21500000e+00
 1.00000000e-02 1.22000000e+00
 5.00000000e-02 1.22500000e+00
 5.00000000e-02 1.23000000e+00
 6.00000000e-02 1.23500000e+00
 7.00000000e-02 1.24000000e+00
 8.00000000e-02 1.24500000e+00
 7.00000000e-02 1.25000000e+00
 4.00000000e-02 1.25500000e+00
 3.00000000e-02 1.26000000e+00
 2.00000000e-02 1.26500000e+00
 7.00000000e-02 1.27000000e+00
 2.00000000e-02 1.27500000e+00
 1.00000000e-02 1.28000000e+00
 2.00000000e-02 1.28500000e+00
 4.00000000e-02 1.29000000e+00
 2.00000000e-02 1.29500000e+00
 4.00000000e-02 1.30000000e+00
 3.00000000e-02 1.30500000e+00
 2.00000000e-02 1.31000000e+00
 3.00000000e-02 1.31500000e+00
 6.00000000e-02 1.32000000e+00
 1.00000000e-02 1.32500000e+00
 1.00000000e-02 1.33000000e+00
 2.00000000e-02 1.33500000e+00
 3.00000000e-02 1.34000000e+00
 1.00000000e-02 1.34500000e+00
 3.00000000e-02 1.35000000e+00
 1.00000000e-02 1.35500000e+00
 0.00000000e+00 1.36000000e+00
 1.00000000e-02 1.36500000e+00
 2.00000000e-02 1.37000000e+00
 1.00000000e-02 1.37500000e+00
 2.00000000e-02 1.38000000e+00
 2.00000000e-02 1.38500000e+00
 0.00000000e+00 1.39000000e+00
 2.00000000e-02 1.39500000e+00
 0.00000000e+00 1.40000000e+00
 4.00000000e-02 1.40500000e+00
 2.00000000e-02 1.41000000e+00
 1.00000000e-02 1.41500000e+00
 4.00000000e-02 1.42000000e+00
 5.00000000e-02 1.42500000e+00
 5.00000000e-02 1.43000000e+00
 3.00000000e-02 1.43500000e+00
 3.00000000e-02 1.44000000e+00
 4.00000000e-02 1.44500000e+00
 1.00000000e-02 1.45000000e+00
 0.00000000e+00 1.45500000e+00
 1.00000000e-02 1.46000000e+00
 3.00000000e-02 1.46500000e+00
 2.00000000e-02 1.47000000e+00
 3.00000000e-02 1.47500000e+00
 5.00000000e-02 1.48000000e+00
 3.00000000e-02 1.48500000e+00
 1.00000000e-02 1.49000000e+00
 3.00000000e-02 1.49500000e+00
 3.00000000e-02 1.50000000e+00
 3.00000000e-02 1.50500000e+00
 2.00000000e-02 1.51000000e+00
 4.00000000e-02 1.51500000e+00
 3.00000000e-02 1.52000000e+00
 3.00000000e-02 1.52500000e+00
 5.00000000e-02 1.53000000e+00
 7.00000000e-02 1.53500000e+00
 8.00000000e-02 1.54000000e+00
 4.00000000e-02 1.54500000e+00
 6.00000000e-02 1.55000000e+00
 1.10000000e-01 1.55500000e+00
 9.00000000e-02 1.56000000e+00
 6.00000000e-02 1.56500000e+00
 1.20000000e-01 1.57000000e+00
 1.30000000e-01 1.57500000e+00
 8.00000000e-02 1.58000000e+00
 1.90000000e-01 1.58500000e+00
 1.40000000e-01 1.59000000e+00
 2.60000000e-01 1.59500000e+00
 3.10000000e-01 1.60000000e+00
 4.00000000e-01 1.60500000e+00
 2.90000000e-01 1.61000000e+00
 4.40000000e-01 1.61500000e+00
 5.40000000e-01 1.62000000e+00
 6.30000000e-01 1.62500000e+00
 7.90000000e-01 1.63000000e+00
 8.20000000e-01 1.63500000e+00
 9.20000000e-01 1.64000000e+00
 9.20000000e-01 1.64500000e+00
 9.20000000e-01 1.65000000e+00
 9.90000000e-01 1.65500000e+00
 9.60000000e-01 1.66000000e+00
 9.60000000e-01 1.66500000e+00
 9.90000000e-01 1.67000000e+00
 9.60000000e-01 1.67500000e+00
 9.90000000e-01 1.68000000e+00
 1.00000000e+00 1.68500000e+00
 9.80000000e-01 1.69000000e+00
 9.90000000e-01 1.69500000e+00
