 1.00000e+00 2.00000e-01
 1.00000e+00 2.20000e-01
 1.00000e+00 2.40000e-01
 1.00000e+00 2.60000e-01
 1.00000e+00 2.80000e-01
 1.00000e+00 3.00000e-01
 1.00000e+00 3.20000e-01
 1.00000e+00 3.40000e-01
 1.00000e+00 3.60000e-01
 1.00000e+00 3.80000e-01
 1.00000e+00 4.00000e-01
 1.00000e+00 4.20000e-01
 1.00000e+00 4.40000e-01
 9.90000e-01 4.60000e-01
 1.00000e+00 4.80000e-01
 1.00000e+00 5.00000e-01
 1.00000e+00 5.20000e-01
 1.00000e+00 5.40000e-01
 1.00000e+00 5.60000e-01
 1.00000e+00 5.80000e-01
 1.00000e+00 6.00000e-01
 9.30000e-01 6.20000e-01
 7.70000e-01 6.40000e-01
 6.70000e-01 6.60000e-01
 8.00000e-01 6.80000e-01
 8.70000e-01 7.00000e-01
 1.00000e+00 7.20000e-01
 1.00000e+00 7.40000e-01
 1.00000e+00 7.60000e-01
 1.00000e+00 7.80000e-01
 1.00000e+00 8.00000e-01
 1.00000e+00 8.20000e-01
 1.00000e+00 8.40000e-01
 1.00000e+00 8.60000e-01
 1.00000e+00 8.80000e-01
 1.00000e+00 9.00000e-01
 1.00000e+00 9.20000e-01
 1.00000e+00 9.40000e-01
 1.00000e+00 9.60000e-01
 1.00000e+00 9.80000e-01
 1.00000e+00 1.00000e+00
 1.00000e+00 1.02000e+00
 1.00000e+00 1.04000e+00
 1.00000e+00 1.06000e+00
 9.90000e-01 1.08000e+00
 1.00000e+00 1.10000e+00
 9.70000e-01 1.12000e+00
 5.90000e-01 1.14000e+00
 2.00000e-01 1.16000e+00
 1.20000e-01 1.18000e+00
 7.00000e-02 1.20000e+00
 7.00000e-02 1.22000e+00
 7.00000e-02 1.24000e+00
 2.00000e-02 1.26000e+00
 4.00000e-02 1.28000e+00
 3.00000e-02 1.30000e+00
 1.00000e-02 1.32000e+00
 0.00000e+00 1.34000e+00
 1.00000e-02 1.36000e+00
 0.00000e+00 1.38000e+00
 2.00000e-02 1.40000e+00
 3.00000e-02 1.42000e+00
 1.00000e-02 1.44000e+00
 2.00000e-02 1.46000e+00
 3.00000e-02 1.48000e+00
 1.00000e-02 1.50000e+00
 7.00000e-02 1.52000e+00
 1.00000e-01 1.54000e+00
 1.00000e-01 1.56000e+00
 1.50000e-01 1.58000e+00
 3.10000e-01 1.60000e+00
 4.80000e-01 1.62000e+00
 9.40000e-01 1.64000e+00
 9.70000e-01 1.66000e+00
 1.00000e+00 1.68000e+00
 1.00000e+00 1.70000e+00
 9.90000e-01 1.72000e+00
 9.90000e-01 1.74000e+00
 1.00000e+00 1.76000e+00
 1.00000e+00 1.78000e+00
 1.00000e+00 1.80000e+00
 1.00000e+00 1.82000e+00
 1.00000e+00 1.84000e+00
 1.00000e+00 1.86000e+00
 1.00000e+00 1.88000e+00
 1.00000e+00 1.90000e+00
 1.00000e+00 1.92000e+00
 1.00000e+00 1.94000e+00
 1.00000e+00 1.96000e+00
 1.00000e+00 1.98000e+00
 1.00000e+00 2.00000e+00
 1.00000e+00 2.02000e+00
 1.00000e+00 2.04000e+00
 1.00000e+00 2.06000e+00
 9.90000e-01 2.08000e+00
 9.60000e-01 2.10000e+00
 7.70000e-01 2.12000e+00
 6.70000e-01 2.14000e+00
 5.90000e-01 2.16000e+00
 4.90000e-01 2.18000e+00
 5.50000e-01 2.20000e+00
 6.30000e-01 2.22000e+00
 7.10000e-01 2.24000e+00
 9.00000e-01 2.26000e+00
 9.80000e-01 2.28000e+00
 1.00000e+00 2.30000e+00
 1.00000e+00 2.32000e+00
 1.00000e+00 2.34000e+00
 1.00000e+00 2.36000e+00
 1.00000e+00 2.38000e+00
 1.00000e+00 2.40000e+00
 1.00000e+00 2.42000e+00
 1.00000e+00 2.44000e+00
 1.00000e+00 2.46000e+00
