   4.4421521492722851e-03   8.8799204306807666e-03   1.3308925302709952e-02
   8.8799204306807666e-03   1.7724795872271389e-02   2.6499719642243121e-02
   1.3308925302709952e-02   2.6499719642243118e-02   3.9455300594214836e-02
   1.7724795872271392e-02   3.5170061125357234e-02   5.2060673504920052e-02
   2.2123174208247432e-02   4.3701602444882102e-02   6.4203952192020616e-02
   2.6499719642243121e-02   5.2060673504920045e-02   7.5777352054220495e-02
   3.0850113052301845e-02   6.0214284870893406e-02   8.6678146775017367e-02
   3.5170061125357241e-02   6.8130257963771382e-02   9.6809580128760328e-02
   3.9455300594214836e-02   7.5777352054220481e-02   1.0608172479575852e-01
   4.3701602444882109e-02   8.3125387555490690e-02   1.1441228056353686e-01
   4.7904776090094692e-02   9.0145365128456556e-02   1.2172730482934860e-01
   5.2060673504920052e-02   9.6809580128760314e-02   1.2796186891995170e-01
   5.6165193320357347e-02   1.0309173194438599e-01   1.3306063440310922e-01
   6.0214284870893413e-02   1.0896702779215943e-01   1.3697834427543151e-01
   6.4203952192020616e-02   1.1441228056353685e-01   1.3968022466674207e-01
   6.8130257963771396e-02   1.1940600033352899e-01   1.4114229349541116e-01
   7.1989327396377645e-02   1.2392847917161724e-01   1.4135157333501003e-01
   7.5777352054220495e-02   1.2796186891995168e-01   1.4030620660286672e-01
   7.9490593614296404e-02   1.3149025163187616e-01   1.3801547204810119e-01
   8.3125387555490690e-02   1.3449970239279146e-01   1.3449970239279149e-01
   8.6678146775017367e-02   1.3697834427543149e-01   1.2979010385729295e-01
   9.0145365128456570e-02   1.3891639521266921e-01   1.2392847917161723e-01
   9.3523620889895825e-02   1.4030620660286666e-01   1.1696685653144133e-01
   9.6809580128760328e-02   1.4114229349541113e-01   1.0896702779215944e-01
   1.0000000000000001e-01   1.4142135623730950e-01   1.0000000000000002e-01
   1.0309173194438599e-01   1.4114229349541113e-01   9.0145365128456598e-02
   1.0608172479575852e-01   1.4030620660286669e-01   7.9490593614296445e-02
   1.0896702779215944e-01   1.3891639521266924e-01   6.8130257963771382e-02
   1.1174479348787822e-01   1.3697834427543149e-01   5.6165193320357416e-02
   1.1441228056353686e-01   1.3449970239279146e-01   4.3701602444882123e-02
   1.1696685653144133e-01   1.3149025163187616e-01   3.0850113052301877e-02
   1.1940600033352901e-01   1.2796186891995168e-01   1.7724795872271430e-02
   1.2172730482934860e-01   1.2392847917161721e-01   4.4421521492722773e-03
   1.2392847917161726e-01   1.1940600033352898e-01  -8.8799204306807631e-03
   1.2600735106701011e-01   1.1441228056353686e-01  -2.2123174208247411e-02
   1.2796186891995170e-01   1.0896702779215943e-01  -3.5170061125357206e-02
   1.2979010385729295e-01   1.0309173194438596e-01  -4.7904776090094706e-02
   1.3149025163187619e-01   9.6809580128760342e-02  -6.0214284870893364e-02
   1.3306063440310922e-01   9.0145365128456584e-02  -7.1989327396377631e-02
   1.3449970239279146e-01   8.3125387555490704e-02  -8.3125387555490635e-02
   1.3580603541455788e-01   7.5777352054220537e-02  -9.3523620889895798e-02
   1.3697834427543151e-01   6.8130257963771368e-02  -1.0309173194438602e-01
   1.3801547204810116e-01   6.0214284870893441e-02  -1.1174479348787822e-01
   1.3891639521266924e-01   5.2060673504920080e-02  -1.1940600033352904e-01
   1.3968022466674207e-01   4.3701602444882116e-02  -1.2600735106701011e-01
   1.4030620660286669e-01   3.5170061125357296e-02  -1.3149025163187619e-01
   1.4079372325244791e-01   2.6499719642243114e-02  -1.3580603541455788e-01
   1.4114229349541116e-01   1.7724795872271427e-02  -1.3891639521266927e-01
   1.4135157333501003e-01   8.8799204306807961e-03  -1.4079372325244791e-01
   1.4142135623730953e-01   1.7319121124709864e-17  -1.4142135623730953e-01
   1.4135157333501003e-01  -8.8799204306807614e-03  -1.4079372325244791e-01
   1.4114229349541116e-01  -1.7724795872271392e-02  -1.3891639521266927e-01
   1.4079372325244791e-01  -2.6499719642243142e-02  -1.3580603541455791e-01
   1.4030620660286672e-01  -3.5170061125357199e-02  -1.3149025163187622e-01
   1.3968022466674207e-01  -4.3701602444882089e-02  -1.2600735106701019e-01
   1.3891639521266927e-01  -5.2060673504920045e-02  -1.1940600033352899e-01
   1.3801547204810119e-01  -6.0214284870893350e-02  -1.1174479348787826e-01
   1.3697834427543151e-01  -6.8130257963771396e-02  -1.0309173194438609e-01
   1.3580603541455791e-01  -7.5777352054220454e-02  -9.3523620889895784e-02
   1.3449970239279149e-01  -8.3125387555490621e-02  -8.3125387555490732e-02
   1.3306063440310922e-01  -9.0145365128456556e-02  -7.1989327396377742e-02
   1.3149025163187619e-01  -9.6809580128760286e-02  -6.0214284870893461e-02
   1.2979010385729295e-01  -1.0309173194438601e-01  -4.7904776090094699e-02
   1.2796186891995168e-01  -1.0896702779215944e-01  -3.5170061125357317e-02
   1.2600735106701011e-01  -1.1441228056353685e-01  -2.2123174208247467e-02
   1.2392847917161723e-01  -1.1940600033352902e-01  -8.8799204306807510e-03
   1.2172730482934860e-01  -1.2392847917161723e-01   4.4421521492722252e-03
   1.1940600033352899e-01  -1.2796186891995173e-01   1.7724795872271378e-02
   1.1696685653144133e-01  -1.3149025163187616e-01   3.0850113052301766e-02
   1.1441228056353688e-01  -1.3449970239279146e-01   4.3701602444882075e-02
   1.1174479348787821e-01  -1.3697834427543149e-01   5.6165193320357361e-02
   1.0896702779215944e-01  -1.3891639521266924e-01   6.8130257963771326e-02
   1.0608172479575853e-01  -1.4030620660286666e-01   7.9490593614296390e-02
   1.0309173194438598e-01  -1.4114229349541113e-01   9.0145365128456598e-02
   1.0000000000000002e-01  -1.4142135623730950e-01   9.9999999999999978e-02
   9.6809580128760356e-02  -1.4114229349541113e-01   1.0896702779215937e-01
   9.3523620889895839e-02  -1.4030620660286669e-01   1.1696685653144137e-01
   9.0145365128456598e-02  -1.3891639521266924e-01   1.2392847917161723e-01
   8.6678146775017367e-02  -1.3697834427543149e-01   1.2979010385729292e-01
   8.3125387555490704e-02  -1.3449970239279146e-01   1.3449970239279144e-01
   7.9490593614296445e-02  -1.3149025163187619e-01   1.3801547204810119e-01
   7.5777352054220551e-02  -1.2796186891995173e-01   1.4030620660286669e-01
   7.1989327396377617e-02  -1.2392847917161720e-01   1.4135157333501003e-01
   6.8130257963771382e-02  -1.1940600033352898e-01   1.4114229349541116e-01
   6.4203952192020630e-02  -1.1441228056353688e-01   1.3968022466674207e-01
   6.0214284870893447e-02  -1.0896702779215948e-01   1.3697834427543151e-01
   5.6165193320357416e-02  -1.0309173194438608e-01   1.3306063440310925e-01
   5.2060673504920080e-02  -9.6809580128760356e-02   1.2796186891995165e-01
   4.7904776090094685e-02  -9.0145365128456556e-02   1.2172730482934858e-01
   4.3701602444882123e-02  -8.3125387555490718e-02   1.1441228056353690e-01
   3.9455300594214877e-02  -7.5777352054220551e-02   1.0608172479575842e-01
   3.5170061125357303e-02  -6.8130257963771493e-02   9.6809580128760300e-02
   3.0850113052301877e-02  -6.0214284870893454e-02   8.6678146775017381e-02
   2.6499719642243118e-02  -5.2060673504920038e-02   7.5777352054220579e-02
   2.2123174208247446e-02  -4.3701602444882144e-02   6.4203952192020547e-02
   1.7724795872271430e-02  -3.5170061125357310e-02   5.2060673504920059e-02
   1.3308925302709959e-02  -2.6499719642243128e-02   3.9455300594214912e-02
   8.8799204306807961e-03  -1.7724795872271444e-02   2.6499719642243028e-02
   4.4421521492722773e-03  -8.8799204306807510e-03   1.3308925302709929e-02
