   9.7560473860515237e-02   2.6171445805079180e-01   3.5122340142341590e-01
   2.4419111502866503e-01   4.1267185442144255e-01   4.0493225562282187e-01
   3.4091449534118468e-01   4.2197861162650058e-01   1.7981379015146362e-01
   4.2014567893652777e-01   3.0825135829931721e-01  -1.8395076494222992e-01
   4.2655727512593178e-01   6.1460044266487400e-02  -4.1085686060677346e-01
   3.9368579152482797e-01  -1.6702012363661450e-01  -3.6372986586235428e-01
   3.7012207484151299e-01  -3.3588557342429454e-01  -4.0146551778236832e-02
   3.1561349900402691e-01  -4.0982318799270923e-01   2.7181678613718963e-01
   2.2587762191178604e-01  -3.6789245962537576e-01   4.1852708951691714e-01
   1.1638310052551953e-01  -2.0082467480574456e-01   3.0779424436509345e-01
