   1.2013116587857484e-01   2.3053001914519489e-01   3.2225270127560440e-01
   2.3053001914524582e-01   3.8786838605908397e-01   4.2206128094640794e-01
   3.2225270127554118e-01   4.2206128094628920e-01   2.3053001914534690e-01
   3.8786838605904300e-01   3.2225270127556510e-01  -1.2013116587846283e-01
   4.2206128094623524e-01   1.2013116587862617e-01  -3.8786838605903312e-01
   4.2206128094641604e-01  -1.2013116587853602e-01  -3.8786838605906149e-01
   3.8786838605937313e-01  -3.2225270127553712e-01  -1.2013116587853777e-01
   3.2225270127563510e-01  -4.2206128094634326e-01   2.3053001914524973e-01
   2.3053001914499349e-01  -3.8786838605918217e-01   4.2206128094631701e-01
   1.2013116587827125e-01  -2.3053001914527005e-01   3.2225270127554961e-01
