   1.2013116587858108e-01   2.3053001914523241e-01   3.2225270127555106e-01
   2.3053001914523241e-01   3.8786838605913321e-01   4.2206128094631618e-01
   3.2225270127555106e-01   4.2206128094631618e-01   2.3053001914523252e-01
   3.8786838605913321e-01   3.2225270127555106e-01  -1.2013116587858096e-01
   4.2206128094631612e-01   1.2013116587858108e-01  -3.8786838605913304e-01
   4.2206128094631618e-01  -1.2013116587858096e-01  -3.8786838605913332e-01
   3.8786838605913326e-01  -3.2225270127555100e-01  -1.2013116587858112e-01
   3.2225270127555106e-01  -4.2206128094631612e-01   2.3053001914523222e-01
   2.3053001914523252e-01  -3.8786838605913332e-01   4.2206128094631612e-01
   1.2013116587858108e-01  -2.3053001914523241e-01   3.2225270127555156e-01
