   4.4421521492710231e-03   8.8799204306804127e-03  -1.3308925302708406e-02
   8.8799204306793771e-03   1.7724795872272506e-02  -2.6499719642240398e-02
   1.3308925302709223e-02   2.6499719642244998e-02  -3.9455300594211172e-02
   1.7724795872272200e-02   3.5170061125358421e-02  -5.2060673504917464e-02
   2.2123174208249087e-02   4.3701602444886321e-02  -6.4203952192020200e-02
   2.6499719642244426e-02   5.2060673504925346e-02  -7.5777352054221078e-02
   3.0850113052301748e-02   6.0214284870899540e-02  -8.6678146775017381e-02
   3.5170061125356145e-02   6.8130257963776822e-02  -9.6809580128759273e-02
   3.9455300594213170e-02   7.5777352054225075e-02  -1.0608172479575589e-01
   4.3701602444881554e-02   8.3125387555492078e-02  -1.1441228056353310e-01
   4.7904776090095504e-02   9.0145365128455029e-02  -1.2172730482934428e-01
   5.2060673504921703e-02   9.6809580128758274e-02  -1.2796186891994740e-01
   5.6165193320358665e-02   1.0309173194438230e-01  -1.3306063440310698e-01
   6.0214284870892969e-02   1.0896702779215467e-01  -1.3697834427543190e-01
   6.4203952192019340e-02   1.1441228056353271e-01  -1.3968022466674238e-01
   6.8130257963769689e-02   1.1940600033352756e-01  -1.4114229349541077e-01
   7.1989327396377201e-02   1.2392847917161640e-01  -1.4135157333500911e-01
   7.5777352054220926e-02   1.2796186891995204e-01  -1.4030620660286508e-01
   7.9490593614298041e-02   1.3149025163187880e-01  -1.3801547204809908e-01
   8.3125387555491231e-02   1.3449970239279313e-01  -1.3449970239278916e-01
   8.6678146775016660e-02   1.3697834427543351e-01  -1.2979010385729187e-01
   9.0145365128454336e-02   1.3891639521267099e-01  -1.2392847917161877e-01
   9.3523620889893772e-02   1.4030620660286872e-01  -1.1696685653144512e-01
   9.6809580128759690e-02   1.4114229349541152e-01  -1.0896702779216337e-01
   1.0000000000000045e-01   1.4142135623731220e-01  -1.0000000000000324e-01
   1.0309173194438738e-01   1.4114229349541457e-01  -9.0145365128458999e-02
   1.0608172479575861e-01   1.4030620660287077e-01  -7.9490593614297417e-02
   1.0896702779215811e-01   1.3891639521267282e-01  -6.8130257963771798e-02
   1.1174479348787560e-01   1.3697834427543462e-01  -5.6165193320357680e-02
   1.1441228056353504e-01   1.3449970239279338e-01  -4.3701602444883643e-02
   1.1696685653144044e-01   1.3149025163187472e-01  -3.0850113052305297e-02
   1.1940600033352952e-01   1.2796186891994887e-01  -1.7724795872275580e-02
   1.2172730482934960e-01   1.2392847917161237e-01  -4.4421521492755828e-03
   1.2392847917161705e-01   1.1940600033352247e-01   8.8799204306783727e-03
   1.2600735106700869e-01   1.1441228056353120e-01   2.2123174208246006e-02
   1.2796186891994923e-01   1.0896702779215466e-01   3.5170061125357165e-02
   1.2979010385729123e-01   1.0309173194438208e-01   4.7904776090095462e-02
   1.3149025163187608e-01   9.6809580128758885e-02   6.0214284870894350e-02
   1.3306063440310972e-01   9.0145365128458402e-02   7.1989327396377756e-02
   1.3449970239279244e-01   8.3125387555492536e-02   8.3125387555488706e-02
   1.3580603541455796e-01   7.5777352054223659e-02   9.3523620889893522e-02
   1.3697834427542988e-01   6.8130257963772811e-02   1.0309173194438534e-01
   1.3801547204809908e-01   6.0214284870895023e-02   1.1174479348787908e-01
   1.3891639521266749e-01   5.2060673504921558e-02   1.1940600033353131e-01
   1.3968022466674179e-01   4.3701602444884316e-02   1.2600735106701422e-01
   1.4030620660286763e-01   3.5170061125359774e-02   1.3149025163188097e-01
   1.4079372325244896e-01   2.6499719642245342e-02   1.3580603541456207e-01
   1.4114229349541130e-01   1.7724795872274685e-02   1.3891639521267168e-01
   1.4135157333500847e-01   8.8799204306847183e-03   1.4079372325244843e-01
   1.4142135623730809e-01   3.9278031467416399e-15   1.4142135623731028e-01
   1.4135157333500883e-01  -8.8799204306793320e-03   1.4079372325244990e-01
   1.4114229349541207e-01  -1.7724795872271278e-02   1.3891639521267149e-01
   1.4079372325244954e-01  -2.6499719642245709e-02   1.3580603541456127e-01
   1.4030620660286830e-01  -3.5170061125360627e-02   1.3149025163188033e-01
   1.3968022466674276e-01  -4.3701602444885870e-02   1.2600735106701458e-01
   1.3891639521266821e-01  -5.2060673504924319e-02   1.1940600033353205e-01
   1.3801547204809986e-01  -6.0214284870895703e-02   1.1174479348787909e-01
   1.3697834427543074e-01  -6.8130257963771423e-02   1.0309173194438491e-01
   1.3580603541455880e-01  -7.5777352054218192e-02   9.3523620889894937e-02
   1.3449970239279282e-01  -8.3125387555486679e-02   8.3125387555490482e-02
   1.3306063440311069e-01  -9.0145365128451171e-02   7.1989327396377797e-02
   1.3149025163187672e-01  -9.6809580128755665e-02   6.0214284870894565e-02
   1.2979010385729214e-01  -1.0309173194438087e-01   4.7904776090096010e-02
   1.2796186891994982e-01  -1.0896702779215468e-01   3.5170061125357678e-02
   1.2600735106700975e-01  -1.1441228056353396e-01   2.2123174208246249e-02
   1.2392847917161841e-01  -1.1940600033352639e-01   8.8799204306775313e-03
   1.2172730482935096e-01  -1.2392847917161541e-01  -4.4421521492767997e-03
   1.1940600033353085e-01  -1.2796186891994790e-01  -1.7724795872275302e-02
   1.1696685653144216e-01  -1.3149025163187419e-01  -3.0850113052305117e-02
   1.1441228056353657e-01  -1.3449970239278916e-01  -4.3701602444884705e-02
   1.1174479348787746e-01  -1.3697834427542943e-01  -5.6165193320358381e-02
   1.0896702779215992e-01  -1.3891639521266877e-01  -6.8130257963771007e-02
   1.0608172479576000e-01  -1.4030620660286880e-01  -7.9490593614296251e-02
   1.0309173194438893e-01  -1.4114229349541463e-01  -9.0145365128457750e-02
   1.0000000000000209e-01  -1.4142135623731528e-01  -1.0000000000000316e-01
   9.6809580128761188e-02  -1.4114229349541774e-01  -1.0896702779216316e-01
   9.3523620889895451e-02  -1.4030620660287119e-01  -1.1696685653144345e-01
   9.0145365128455821e-02  -1.3891639521267249e-01  -1.2392847917161758e-01
   8.6678146775017881e-02  -1.3697834427543340e-01  -1.2979010385729259e-01
   8.3125387555492813e-02  -1.3449970239279146e-01  -1.3449970239278933e-01
   7.9490593614299082e-02  -1.3149025163187367e-01  -1.3801547204809847e-01
   7.5777352054222355e-02  -1.2796186891994718e-01  -1.4030620660286464e-01
   7.1989327396378228e-02  -1.2392847917161307e-01  -1.4135157333500942e-01
   6.8130257963770410e-02  -1.1940600033352530e-01  -1.4114229349541174e-01
   6.4203952192019909e-02  -1.1441228056353571e-01  -1.3968022466674182e-01
   6.0214284870893926e-02  -1.0896702779215886e-01  -1.3697834427542982e-01
   5.6165193320359186e-02  -1.0309173194438553e-01  -1.3306063440310675e-01
   5.2060673504922286e-02  -9.6809580128759162e-02  -1.2796186891994799e-01
   4.7904776090095927e-02  -9.0145365128457722e-02  -1.2172730482934258e-01
   4.3701602444881887e-02  -8.3125387555490884e-02  -1.1441228056353070e-01
   3.9455300594213615e-02  -7.5777352054219760e-02  -1.0608172479575449e-01
   3.5170061125356311e-02  -6.8130257963772103e-02  -9.6809580128758552e-02
   3.0850113052301925e-02  -6.0214284870894919e-02  -8.6678146775017215e-02
   2.6499719642244658e-02  -5.2060673504922550e-02  -7.5777352054219732e-02
   2.2123174208249021e-02  -4.3701602444886405e-02  -6.4203952192019145e-02
   1.7724795872272318e-02  -3.5170061125363215e-02  -5.2060673504918074e-02
   1.3308925302709293e-02  -2.6499719642247451e-02  -3.9455300594212067e-02
   8.8799204306792834e-03  -1.7724795872275951e-02  -2.6499719642239981e-02
   4.4421521492711271e-03  -8.8799204306841874e-03  -1.3308925302707993e-02
